
----------------------------------------
Codici presenti in 'prodotti_online.xlsx' ma mancanti in 'prodotti_anagrafica.xlsx':
8056262006788
8056262006290
8056597053976
8056262051870
8056597859363
8056262019108
8056597614122
8056597856300
8053672689709
8056262078518
8056597829175
8056597856317
8056597614146
8056262041154
8056597757508
8056262083659
8056262017104
8056597519441
8056262034514
8056262017111
8053672468571
8056597140072
8056597858410
8056597366892
8056597947503
8056597734004
8056597858427
8056597454971
8056597751421
8056597140096
8056597519489
8056597662345
8056597855907
8056597364393
8056597855914
8053672405163
8056597947565
8056597751469
8056597849265
713132436660
8056597556415
8056597556422
8056597081290
8056597081306
8056597891806
8056597556446
8056597952736
8056597891813
8053672603880
8056597828840
8056597533966
8056597343503
8056597387026
8056597556507
8056597366052
8056597556521
8056597450539
8056597366069
8056597718349
805289563983
8053672684377
8056597445467
8056597753180
8053672666977
8056262044513
8053672684391
8056262044520
8056597733748
8056262054772
8056262018422
8056597813624
8056597733755
8053672611717
8056262018439
8056597981064
8056597365130
8056597817738
8053672611724
8056262051726
8056597719438
8056597663120
8056597718424
8053672416152
8056597365147
8056262051740
8056597445542
8056597948852
8056597462983
8056597858250
8056597858267
8056597463003
8056597547499
8056262006764
8056597422574
8056597547505
----------------------------------------
